7.600000000000000000e+01 -1.000000000000000000e+00 5.000000000000000000e-01 1.300000000000000000e+01 0.000000000000000000e+00 7.923633518388233377e-01 -3.304481506347656250e-04 -2.954072551801800728e-03 0.000000000000000000e+00
7.500000000000000000e+01 -5.000000000000000000e-01 5.000000000000000000e-01 3.500000000000000000e+01 0.000000000000000000e+00 1.687141937760475996e-01 1.612186431884765625e-03 8.120310492813587189e-03 0.000000000000000000e+00
7.600000000000000000e+01 0.000000000000000000e+00 5.000000000000000000e-01 3.200000000000000000e+01 0.000000000000000000e+00 -1.111426866544564102e-01 -3.126621246337890625e-03 -6.565970182418823242e-02 0.000000000000000000e+00
7.500000000000000000e+01 5.000000000000000000e-01 5.000000000000000000e-01 3.400000000000000000e+01 0.000000000000000000e+00 4.861549158272824439e-02 3.183841705322265625e-03 -3.193812072277069092e-02 0.000000000000000000e+00
7.600000000000000000e+01 1.000000000000000000e+00 5.000000000000000000e-01 4.400000000000000000e+01 0.000000000000000000e+00 5.266668827220069571e-02 -3.556728363037109375e-03 -1.705753356218338013e-01 0.000000000000000000e+00
7.100000000000000000e+01 1.500000000000000000e+00 5.000000000000000000e-01 3.900000000000000000e+01 0.000000000000000000e+00 -1.407650438170297558e-01 7.108688354492187500e-03 7.326146215200424194e-02 0.000000000000000000e+00
7.400000000000000000e+01 2.000000000000000000e+00 5.000000000000000000e-01 3.100000000000000000e+01 0.000000000000000000e+00 -8.038225601962779854e-02 -8.033275604248046875e-03 -5.817590281367301941e-03 0.000000000000000000e+00
7.200000000000000000e+01 2.500000000000000000e+00 5.000000000000000000e-01 4.400000000000000000e+01 0.000000000000000000e+00 1.971645228687584628e-01 -8.149147033691406250e-04 1.379321962594985962e-01 0.000000000000000000e+00
6.900000000000000000e+01 3.000000000000000000e+00 1.000000000000000000e+00 2.900000000000000000e+01 0.000000000000000000e+00 2.373271557838364798e-01 3.138971328735351562e-02 -1.004110097885131836e+00 0.000000000000000000e+00
4.500000000000000000e+01 3.000000000000000000e+00 5.000000000000000000e-01 2.900000000000000000e+01 1.500000000000000000e+01 2.373271557838364798e-01 -6.110191345214843750e-03 1.233995079994201660e+00 0.000000000000000000e+00
5.200000000000000000e+01 3.500000000000000000e+00 5.000000000000000000e-01 2.000000000000000000e+01 0.000000000000000000e+00 2.187974455665743848e-02 -9.424209594726562500e-03 7.046416997909545898e-01 0.000000000000000000e+00
5.700000000000000000e+01 4.000000000000000000e+00 5.000000000000000000e-01 3.000000000000000000e+01 0.000000000000000000e+00 -1.917569366953517929e-01 -8.495330810546875000e-03 -6.419008374214172363e-01 0.000000000000000000e+00
6.000000000000000000e+01 4.500000000000000000e+00 5.000000000000000000e-01 4.100000000000000000e+01 0.000000000000000000e+00 -2.960193102635493845e-01 5.851745605468750000e-03 -4.961193203926086426e-01 0.000000000000000000e+00
6.400000000000000000e+01 5.000000000000000000e+00 5.000000000000000000e-01 4.100000000000000000e+01 0.000000000000000000e+00 -2.650758696847018703e-01 7.797241210937500000e-03 -1.827982068061828613e-01 0.000000000000000000e+00
6.900000000000000000e+01 5.500000000000000000e+00 5.000000000000000000e-01 5.100000000000000000e+01 0.000000000000000000e+00 -1.377822607822548340e-01 7.985115051269531250e-03 2.627132833003997803e-02 0.000000000000000000e+00
7.100000000000000000e+01 6.000000000000000000e+00 1.000000000000000000e+00 4.900000000000000000e+01 0.000000000000000000e+00 -4.933196595984681160e-02 5.821228027343750000e-03 1.944577991962432861e-01 0.000000000000000000e+00
4.000000000000000000e+01 6.000000000000000000e+00 5.000000000000000000e-01 4.900000000000000000e+01 2.200000000000000000e+01 -4.933196595984681160e-02 -2.855396270751953125e-02 -4.645054638385772705e-01 0.000000000000000000e+00
5.200000000000000000e+01 6.500000000000000000e+00 5.000000000000000000e-01 2.900000000000000000e+01 0.000000000000000000e+00 -2.186037927040290763e-02 -5.685806274414062500e-03 6.745027750730514526e-02 0.000000000000000000e+00
5.600000000000000000e+01 7.000000000000000000e+00 5.000000000000000000e-01 3.000000000000000000e+01 0.000000000000000000e+00 -5.192332689156380077e-02 -1.009941101074218750e-03 -6.129800677299499512e-01 0.000000000000000000e+00
6.400000000000000000e+01 7.500000000000000000e+00 5.000000000000000000e-01 2.600000000000000000e+01 0.000000000000000000e+00 -1.216026282203349074e-01 -4.577636718750000000e-04 2.879448235034942627e-01 0.000000000000000000e+00
6.800000000000000000e+01 8.000000000000000000e+00 5.000000000000000000e-01 3.900000000000000000e+01 0.000000000000000000e+00 -1.465816091594028259e-01 3.108978271484375000e-03 -6.661672592163085938e-01 0.000000000000000000e+00
7.100000000000000000e+01 8.500000000000000000e+00 5.000000000000000000e-01 5.100000000000000000e+01 0.000000000000000000e+00 -1.030911174033866534e-01 1.828861236572265625e-02 7.226805388927459717e-02 0.000000000000000000e+00
7.200000000000000000e+01 9.000000000000000000e+00 1.000000000000000000e+00 5.100000000000000000e+01 0.000000000000000000e+00 3.038988710956407307e-03 9.164810180664062500e-04 -1.370672881603240967e-01 0.000000000000000000e+00
4.500000000000000000e+01 9.000000000000000000e+00 5.000000000000000000e-01 5.100000000000000000e+01 3.600000000000000000e+01 3.038988710956407307e-03 -1.679134368896484375e-02 1.225142598152160645e+00 0.000000000000000000e+00
5.200000000000000000e+01 9.500000000000000000e+00 5.000000000000000000e-01 2.600000000000000000e+01 0.000000000000000000e+00 1.362241804123715538e-01 -2.233695983886718750e-02 3.708778619766235352e-01 0.000000000000000000e+00
5.700000000000000000e+01 1.000000000000000000e+01 5.000000000000000000e-01 3.200000000000000000e+01 0.000000000000000000e+00 2.034629625492735960e-01 5.099296569824218750e-03 -1.302262783050537109e+00 0.000000000000000000e+00
6.400000000000000000e+01 1.050000000000000000e+01 5.000000000000000000e-01 9.000000000000000000e+00 0.000000000000000000e+00 1.913466846745008332e-01 2.295494079589843750e-02 3.683496266603469849e-02 0.000000000000000000e+00
7.600000000000000000e+01 1.100000000000000000e+01 5.000000000000000000e-01 1.500000000000000000e+01 0.000000000000000000e+00 9.779328078658157397e-02 -1.372146606445312500e-02 -1.529660820960998535e-01 0.000000000000000000e+00
7.500000000000000000e+01 1.150000000000000000e+01 5.000000000000000000e-01 4.500000000000000000e+01 0.000000000000000000e+00 -6.560995579961444168e-02 1.158714294433593750e-03 -7.817731052637100220e-02 0.000000000000000000e+00
7.600000000000000000e+01 1.200000000000000000e+01 5.000000000000000000e-01 4.600000000000000000e+01 0.000000000000000000e+00 -1.931390741953241674e-01 5.644798278808593750e-03 1.440923064947128296e-01 0.000000000000000000e+00
7.500000000000000000e+01 1.250000000000000000e+01 5.000000000000000000e-01 5.100000000000000000e+01 0.000000000000000000e+00 -2.399470626748462232e-01 -3.138542175292968750e-03 6.980849802494049072e-02 0.000000000000000000e+00
7.600000000000000000e+01 1.300000000000000000e+01 5.000000000000000000e-01 5.500000000000000000e+01 0.000000000000000000e+00 -1.979820827523207372e-01 -5.482673645019531250e-03 1.671590059995651245e-01 0.000000000000000000e+00
7.100000000000000000e+01 1.350000000000000000e+01 5.000000000000000000e-01 5.200000000000000000e+01 0.000000000000000000e+00 -9.595899245672748212e-02 -9.802818298339843750e-03 6.513587385416030884e-02 0.000000000000000000e+00
7.400000000000000000e+01 1.400000000000000000e+01 5.000000000000000000e-01 4.900000000000000000e+01 0.000000000000000000e+00 -2.575577546747197244e-02 -3.085136413574218750e-03 2.480318956077098846e-02 0.000000000000000000e+00
7.200000000000000000e+01 1.450000000000000000e+01 5.000000000000000000e-01 5.000000000000000000e+01 0.000000000000000000e+00 -3.310454517475287881e-03 2.383232116699218750e-02 1.696525514125823975e-01 0.000000000000000000e+00
6.900000000000000000e+01 1.500000000000000000e+01 1.000000000000000000e+00 4.600000000000000000e+01 0.000000000000000000e+00 -2.641593709245368404e-02 1.925086975097656250e-02 -6.106531620025634766e-01 0.000000000000000000e+00
4.500000000000000000e+01 1.500000000000000000e+01 5.000000000000000000e-01 4.600000000000000000e+01 3.000000000000000000e+01 -2.641593709245368404e-02 8.834838867187500000e-03 1.427881479263305664e+00 0.000000000000000000e+00
5.200000000000000000e+01 1.550000000000000000e+01 5.000000000000000000e-01 2.200000000000000000e+01 0.000000000000000000e+00 -8.681034918845399739e-02 -2.061271667480468750e-02 8.310774564743041992e-01 0.000000000000000000e+00
5.700000000000000000e+01 1.600000000000000000e+01 5.000000000000000000e-01 2.900000000000000000e+01 0.000000000000000000e+00 -1.450485308410581209e-01 -4.047393798828125000e-03 -5.105170607566833496e-01 0.000000000000000000e+00
6.000000000000000000e+01 1.650000000000000000e+01 5.000000000000000000e-01 3.100000000000000000e+01 0.000000000000000000e+00 -1.894375167446094577e-01 -1.362323760986328125e-02 -5.425798892974853516e-01 0.000000000000000000e+00
6.400000000000000000e+01 1.700000000000000000e+01 5.000000000000000000e-01 4.400000000000000000e+01 0.000000000000000000e+00 -2.073143518712404210e-01 9.414672851562500000e-03 -1.469466388225555420e-01 0.000000000000000000e+00
6.900000000000000000e+01 1.750000000000000000e+01 5.000000000000000000e-01 5.100000000000000000e+01 0.000000000000000000e+00 -1.536859192895769499e-01 1.408100128173828125e-02 4.217502474784851074e-02 0.000000000000000000e+00
7.100000000000000000e+01 1.800000000000000000e+01 1.000000000000000000e+00 6.400000000000000000e+01 0.000000000000000000e+00 -4.622722558270390275e-02 6.257057189941406250e-03 1.913529485464096069e-01 0.000000000000000000e+00
4.000000000000000000e+01 1.800000000000000000e+01 5.000000000000000000e-01 6.400000000000000000e+01 2.700000000000000000e+01 -4.622722558270390275e-02 1.048088073730468750e-03 -3.997260704636573792e-02 0.000000000000000000e+00
5.200000000000000000e+01 1.850000000000000000e+01 5.000000000000000000e-01 3.400000000000000000e+01 0.000000000000000000e+00 2.875626002108237073e-02 -1.097106933593750000e-02 5.338084883987903595e-03 0.000000000000000000e+00
5.600000000000000000e+01 1.900000000000000000e+01 5.000000000000000000e-01 1.500000000000000000e+01 0.000000000000000000e+00 5.701445622117696371e-02 -1.516342163085937500e-03 -8.181370794773101807e-02 0.000000000000000000e+00
6.400000000000000000e+01 1.950000000000000000e+01 5.000000000000000000e-01 2.500000000000000000e+01 0.000000000000000000e+00 4.124414320605658546e-02 -9.845733642578125000e-03 8.234853297472000122e-02 0.000000000000000000e+00
7.200000000000000000e+01 2.000000000000000000e+01 5.000000000000000000e-01 4.500000000000000000e+01 0.000000000000000000e+00 -3.924635196093928524e-03 7.074356079101562500e-03 3.801890462636947632e-02 0.000000000000000000e+00
7.100000000000000000e+01 2.050000000000000000e+01 5.000000000000000000e-01 4.100000000000000000e+01 0.000000000000000000e+00 -1.525637579140868248e-02 1.175880432128906250e-02 2.333136498928070068e-01 0.000000000000000000e+00
6.900000000000000000e+01 2.100000000000000000e+01 2.000000000000000000e+00 4.000000000000000000e+01 0.000000000000000000e+00 2.385691856001034492e-02 9.174346923828125000e-04 -1.435910463333129883e+00 0.000000000000000000e+00
4.500000000000000000e+01 2.100000000000000000e+01 5.000000000000000000e-01 4.000000000000000000e+01 2.100000000000000000e+01 2.385691856001034492e-02 -5.331039428710937500e-03 1.384303331375122070e+00 0.000000000000000000e+00
5.200000000000000000e+01 2.150000000000000000e+01 5.000000000000000000e-01 1.900000000000000000e+01 0.000000000000000000e+00 1.095109389343114636e-01 -1.342391967773437500e-02 6.627026796340942383e-01 0.000000000000000000e+00
5.700000000000000000e+01 2.200000000000000000e+01 5.000000000000000000e-01 2.700000000000000000e+01 0.000000000000000000e+00 2.131424786130834970e-01 1.096725463867187500e-02 -5.979380607604980469e-01 0.000000000000000000e+00
7.600000000000000000e+01 2.300000000000000000e+01 5.000000000000000000e-01 2.400000000000000000e+01 0.000000000000000000e+00 1.130374092048034712e-01 -6.668090820312500000e-03 -1.080893203616142273e-01 0.000000000000000000e+00
7.500000000000000000e+01 2.350000000000000000e+01 5.000000000000000000e-01 3.400000000000000000e+01 0.000000000000000000e+00 -8.901390215913979054e-02 -3.566741943359375000e-04 -8.778849989175796509e-02 0.000000000000000000e+00
7.600000000000000000e+01 2.400000000000000000e+01 5.000000000000000000e-01 3.900000000000000000e+01 0.000000000000000000e+00 -2.214077378877548907e-01 2.193450927734375000e-04 1.763828285038471222e-02 0.000000000000000000e+00
7.500000000000000000e+01 2.450000000000000000e+01 5.000000000000000000e-01 5.000000000000000000e+01 0.000000000000000000e+00 -2.321481190737313682e-01 1.524543762207031250e-02 1.646444201469421387e-01 0.000000000000000000e+00
7.600000000000000000e+01 2.500000000000000000e+01 5.000000000000000000e-01 5.700000000000000000e+01 0.000000000000000000e+00 -1.990183422254964696e-01 -7.806777954101562500e-03 8.750751614570617676e-02 0.000000000000000000e+00
7.100000000000000000e+01 2.550000000000000000e+01 5.000000000000000000e-01 5.400000000000000000e+01 0.000000000000000000e+00 -1.446889558372957407e-01 -8.119583129882812500e-03 6.474819034337997437e-02 0.000000000000000000e+00
7.400000000000000000e+01 2.600000000000000000e+01 5.000000000000000000e-01 4.100000000000000000e+01 0.000000000000000000e+00 -7.148172193643985428e-02 -4.096984863281250000e-03 2.853506617248058319e-02 0.000000000000000000e+00
7.200000000000000000e+01 2.650000000000000000e+01 5.000000000000000000e-01 3.900000000000000000e+01 0.000000000000000000e+00 -4.524280467730755484e-03 4.610061645507812500e-03 2.276525199413299561e-01 0.000000000000000000e+00
6.900000000000000000e+01 2.700000000000000000e+01 1.000000000000000000e+00 3.400000000000000000e+01 0.000000000000000000e+00 -3.198217219105978920e-02 2.939224243164062500e-03 -9.630696177482604980e-01 0.000000000000000000e+00
4.500000000000000000e+01 2.700000000000000000e+01 5.000000000000000000e-01 3.400000000000000000e+01 1.800000000000000000e+01 -3.198217219105978920e-02 2.481460571289062500e-02 1.479670763015747070e+00 0.000000000000000000e+00
5.200000000000000000e+01 2.750000000000000000e+01 5.000000000000000000e-01 2.200000000000000000e+01 0.000000000000000000e+00 -1.485009336508767153e-01 -6.635665893554687500e-03 8.892364501953125000e-01 0.000000000000000000e+00
5.700000000000000000e+01 2.800000000000000000e+01 5.000000000000000000e-01 2.700000000000000000e+01 0.000000000000000000e+00 -2.193381480543551976e-01 -5.304336547851562500e-03 -4.362273216247558594e-01 0.000000000000000000e+00
6.000000000000000000e+01 2.850000000000000000e+01 5.000000000000000000e-01 2.200000000000000000e+01 0.000000000000000000e+00 -2.109838641772652235e-01 -4.549026489257812500e-03 -3.987779319286346436e-01 0.000000000000000000e+00
6.400000000000000000e+01 2.900000000000000000e+01 5.000000000000000000e-01 4.000000000000000000e+01 0.000000000000000000e+00 -1.687337748997331244e-01 3.725051879882812500e-03 -1.409042328596115112e-01 0.000000000000000000e+00
6.900000000000000000e+01 2.950000000000000000e+01 5.000000000000000000e-01 5.000000000000000000e+01 0.000000000000000000e+00 -1.060897401885032426e-01 3.944396972656250000e-03 -6.404887139797210693e-02 0.000000000000000000e+00
7.100000000000000000e+01 3.000000000000000000e+01 1.000000000000000000e+00 5.000000000000000000e+01 0.000000000000000000e+00 -2.563654017049082218e-02 5.872726440429687500e-03 1.383408606052398682e-01 0.000000000000000000e+00
4.000000000000000000e+01 3.000000000000000000e+01 5.000000000000000000e-01 5.000000000000000000e+01 1.100000000000000000e+01 -2.563654017049082218e-02 2.748489379882812500e-03 -1.849541068077087402e-01 0.000000000000000000e+00
5.200000000000000000e+01 3.050000000000000000e+01 5.000000000000000000e-01 4.100000000000000000e+01 0.000000000000000000e+00 4.855721283589859577e-02 3.644943237304687500e-03 4.212090745568275452e-02 0.000000000000000000e+00
5.600000000000000000e+01 3.100000000000000000e+01 5.000000000000000000e-01 2.600000000000000000e+01 0.000000000000000000e+00 3.372218419969818387e-02 -1.977348327636718750e-02 -7.855028510093688965e-01 0.000000000000000000e+00
6.400000000000000000e+01 3.150000000000000000e+01 5.000000000000000000e-01 2.700000000000000000e+01 0.000000000000000000e+00 -5.750673802215602870e-02 9.937286376953125000e-04 1.426251679658889771e-01 0.000000000000000000e+00
6.800000000000000000e+01 3.200000000000000000e+01 5.000000000000000000e-01 3.000000000000000000e+01 0.000000000000000000e+00 -7.682414303796200605e-02 1.101493835449218750e-02 -4.370132684707641602e-01 0.000000000000000000e+00
7.100000000000000000e+01 3.250000000000000000e+01 5.000000000000000000e-01 3.900000000000000000e+01 0.000000000000000000e+00 -7.447724751506204673e-03 1.569938659667968750e-02 1.685151308774948120e-01 0.000000000000000000e+00
7.200000000000000000e+01 3.300000000000000000e+01 1.000000000000000000e+00 4.500000000000000000e+01 0.000000000000000000e+00 5.259871707661398221e-02 -1.356697082519531250e-02 2.895070314407348633e-01 0.000000000000000000e+00
4.500000000000000000e+01 3.300000000000000000e+01 5.000000000000000000e-01 4.500000000000000000e+01 2.800000000000000000e+01 5.259871707661398221e-02 -5.233764648437500000e-03 9.494020342826843262e-01 0.000000000000000000e+00
5.200000000000000000e+01 3.350000000000000000e+01 5.000000000000000000e-01 2.100000000000000000e+01 0.000000000000000000e+00 8.270900727049790291e-02 -2.791213989257812500e-02 2.452000044286251068e-02 0.000000000000000000e+00
5.700000000000000000e+01 3.400000000000000000e+01 5.000000000000000000e-01 2.100000000000000000e+01 0.000000000000000000e+00 8.209370055173716152e-02 1.846313476562500000e-03 -2.656231403350830078e+00 0.000000000000000000e+00
6.400000000000000000e+01 3.450000000000000000e+01 5.000000000000000000e-01 3.100000000000000000e+01 0.000000000000000000e+00 3.998912089948689075e-02 3.461456298828125000e-02 9.978344291448593140e-02 0.000000000000000000e+00
7.600000000000000000e+01 3.500000000000000000e+01 5.000000000000000000e-01 4.400000000000000000e+01 0.000000000000000000e+00 -3.856925618351679519e-02 3.387451171875000000e-03 3.356980979442596436e-01 0.000000000000000000e+00
7.500000000000000000e+01 3.550000000000000000e+01 5.000000000000000000e-01 3.800000000000000000e+01 0.000000000000000000e+00 -1.099942946417223205e-01 -2.398681640625000000e-02 -1.563596278429031372e-01 0.000000000000000000e+00
7.600000000000000000e+01 3.600000000000000000e+01 5.000000000000000000e-01 5.400000000000000000e+01 0.000000000000000000e+00 -1.602090873639476221e-01 -7.072448730468750000e-03 -2.328791655600070953e-02 0.000000000000000000e+00
7.500000000000000000e+01 3.650000000000000000e+01 5.000000000000000000e-01 5.000000000000000000e+01 0.000000000000000000e+00 -1.868349954088924236e-01 5.947113037109375000e-03 -2.375561930239200592e-02 0.000000000000000000e+00
7.600000000000000000e+01 3.700000000000000000e+01 5.000000000000000000e-01 5.000000000000000000e+01 0.000000000000000000e+00 -1.867518878342586119e-01 7.513046264648437500e-03 -2.383875846862792969e-02 0.000000000000000000e+00
7.100000000000000000e+01 3.750000000000000000e+01 5.000000000000000000e-01 4.500000000000000000e+01 0.000000000000000000e+00 -1.529979620571012833e-01 3.883361816406250000e-03 1.520454138517379761e-01 0.000000000000000000e+00
7.400000000000000000e+01 3.800000000000000000e+01 5.000000000000000000e-01 3.700000000000000000e+01 0.000000000000000000e+00 -8.618858332511621090e-02 -4.873275756835937500e-03 -3.814629837870597839e-02 0.000000000000000000e+00
7.200000000000000000e+01 3.850000000000000000e+01 5.000000000000000000e-01 3.400000000000000000e+01 0.000000000000000000e+00 9.300149971705995791e-03 -5.912780761718750000e-03 1.411591768264770508e-01 0.000000000000000000e+00
6.900000000000000000e+01 3.900000000000000000e+01 1.000000000000000000e+00 2.900000000000000000e+01 0.000000000000000000e+00 8.867814922487382567e-02 1.673316955566406250e-02 -9.489055871963500977e-01 0.000000000000000000e+00
4.500000000000000000e+01 3.900000000000000000e+01 5.000000000000000000e-01 2.900000000000000000e+01 2.000000000000000000e+01 8.867814922487382567e-02 -2.016067504882812500e-03 1.269650936126708984e+00 0.000000000000000000e+00
5.200000000000000000e+01 3.950000000000000000e+01 5.000000000000000000e-01 2.000000000000000000e+01 0.000000000000000000e+00 -6.728048914889325251e-03 -4.474639892578125000e-03 6.141968965530395508e-01 0.000000000000000000e+00
5.700000000000000000e+01 4.000000000000000000e+01 5.000000000000000000e-01 2.500000000000000000e+01 0.000000000000000000e+00 -2.700207878221664859e-01 4.924774169921875000e-03 -8.803092241287231445e-01 0.000000000000000000e+00
6.000000000000000000e+01 4.050000000000000000e+01 5.000000000000000000e-01 3.400000000000000000e+01 0.000000000000000000e+00 -3.388701324889652478e-01 -8.182525634765625000e-04 -3.544149994850158691e-01 0.000000000000000000e+00
6.400000000000000000e+01 4.100000000000000000e+01 5.000000000000000000e-01 3.400000000000000000e+01 0.000000000000000000e+00 -1.531533124292629999e-01 -1.326942443847656250e-02 -4.566084444522857666e-01 0.000000000000000000e+00
6.900000000000000000e+01 4.150000000000000000e+01 5.000000000000000000e-01 4.900000000000000000e+01 0.000000000000000000e+00 1.335542828139763688e-02 1.336479187011718750e-02 1.495658233761787415e-02 0.000000000000000000e+00
7.100000000000000000e+01 4.200000000000000000e+01 1.000000000000000000e+00 5.000000000000000000e+01 0.000000000000000000e+00 1.077736337716757448e-01 1.798248291015625000e-02 -3.289820626378059387e-03 0.000000000000000000e+00
4.000000000000000000e+01 4.200000000000000000e+01 5.000000000000000000e-01 5.000000000000000000e+01 3.400000000000000000e+01 1.077736337716757448e-01 1.589965820312500000e-02 -3.183642625808715820e-01 0.000000000000000000e+00
5.200000000000000000e+01 4.250000000000000000e+01 5.000000000000000000e-01 2.200000000000000000e+01 0.000000000000000000e+00 1.074919990250944452e-01 -3.087234497070312500e-02 -6.641423106193542480e-01 0.000000000000000000e+00
5.600000000000000000e+01 4.300000000000000000e+01 5.000000000000000000e-01 2.500000000000000000e+01 0.000000000000000000e+00 3.079789814707094286e-02 4.291534423828125000e-04 -1.304276347160339355e+00 0.000000000000000000e+00
6.400000000000000000e+01 4.350000000000000000e+01 5.000000000000000000e-01 1.600000000000000000e+01 0.000000000000000000e+00 -1.656301335485559426e-02 1.650047302246093750e-02 -2.237422624602913857e-03 0.000000000000000000e+00
7.200000000000000000e+01 4.400000000000000000e+01 5.000000000000000000e-01 3.900000000000000000e+01 0.000000000000000000e+00 -2.937749651392705316e-03 -7.068634033203125000e-03 -1.473923921585083008e-01 0.000000000000000000e+00
7.100000000000000000e+01 4.450000000000000000e+01 5.000000000000000000e-01 4.400000000000000000e+01 0.000000000000000000e+00 7.000341245550953384e-02 1.133155822753906250e-02 4.203714728355407715e-01 0.000000000000000000e+00
6.900000000000000000e+01 4.500000000000000000e+01 1.000000000000000000e+00 3.100000000000000000e+01 0.000000000000000000e+00 1.692549612661708447e-01 -1.752281188964843750e-02 -7.971639633178710938e-01 0.000000000000000000e+00
4.500000000000000000e+01 4.500000000000000000e+01 5.000000000000000000e-01 3.100000000000000000e+01 1.600000000000000000e+01 1.692549612661708447e-01 4.352569580078125000e-03 1.127873897552490234e+00 0.000000000000000000e+00
5.200000000000000000e+01 4.550000000000000000e+01 5.000000000000000000e-01 1.600000000000000000e+01 0.000000000000000000e+00 1.950588557740806639e-01 -1.590347290039062500e-02 4.124100208282470703e-01 0.000000000000000000e+00
5.700000000000000000e+01 4.600000000000000000e+01 5.000000000000000000e-01 2.100000000000000000e+01 0.000000000000000000e+00 1.259569082232752935e-01 1.900100708007812500e-02 -9.596146345138549805e-01 0.000000000000000000e+00
7.100000000000000000e+01 4.650000000000000000e+01 5.000000000000000000e-01 4.000000000000000000e+01 0.000000000000000000e+00 -5.310613904484172421e-02 -5.542755126953125000e-03 2.228314243257045746e-02 0.000000000000000000e+00
7.200000000000000000e+01 4.700000000000000000e+01 5.000000000000000000e-01 4.900000000000000000e+01 0.000000000000000000e+00 -1.627678161251724098e-01 -3.110885620117187500e-03 -2.770690023899078369e-01 0.000000000000000000e+00
7.400000000000000000e+01 4.750000000000000000e+01 5.000000000000000000e-01 3.600000000000000000e+01 0.000000000000000000e+00 2.159170141742829951e-01 2.214431762695312500e-03 3.726843371987342834e-02 0.000000000000000000e+00
7.600000000000000000e+01 4.800000000000000000e+01 1.500000000000000000e+00 5.100000000000000000e+01 0.000000000000000000e+00 1.053388863730326391e-01 2.469253540039062500e-02 -5.721428394317626953e-01 0.000000000000000000e+00
4.800000000000000000e+01 4.800000000000000000e+01 5.000000000000000000e-01 5.100000000000000000e+01 2.900000000000000000e+01 1.053388863730326391e-01 -1.176643371582031250e-02 1.440729498863220215e+00 0.000000000000000000e+00
5.500000000000000000e+01 4.850000000000000000e+01 5.000000000000000000e-01 2.400000000000000000e+01 0.000000000000000000e+00 -6.636169383098282359e-02 -1.004028320312500000e-02 1.047561287879943848e+00 0.000000000000000000e+00
6.000000000000000000e+01 4.900000000000000000e+01 5.000000000000000000e-01 3.400000000000000000e+01 0.000000000000000000e+00 -1.159992728785364108e-01 2.651214599609375000e-03 -8.777013421058654785e-02 0.000000000000000000e+00
6.700000000000000000e+01 4.950000000000000000e+01 5.000000000000000000e-01 3.900000000000000000e+01 0.000000000000000000e+00 -1.314570219722368816e-01 8.792877197265625000e-04 2.496156543493270874e-01 0.000000000000000000e+00
7.700000000000000000e+01 5.000000000000000000e+01 5.000000000000000000e-01 3.600000000000000000e+01 0.000000000000000000e+00 -1.375565437183962902e-01 -3.395080566406250000e-03 -1.277355290949344635e-02 0.000000000000000000e+00
7.600000000000000000e+01 5.050000000000000000e+01 5.000000000000000000e-01 4.400000000000000000e+01 0.000000000000000000e+00 -1.341786686696297970e-01 8.018493652343750000e-03 5.153717398643493652e-01 0.000000000000000000e+00
7.400000000000000000e+01 5.100000000000000000e+01 1.500000000000000000e+00 5.200000000000000000e+01 0.000000000000000000e+00 -1.213895361308831577e-01 -8.152008056640625000e-03 -8.445160984992980957e-01 0.000000000000000000e+00
4.300000000000000000e+01 5.100000000000000000e+01 5.000000000000000000e-01 5.200000000000000000e+01 2.100000000000000000e+01 -1.213895361308831577e-01 7.472991943359375000e-03 -2.480578124523162842e-01 0.000000000000000000e+00
5.500000000000000000e+01 5.150000000000000000e+01 5.000000000000000000e-01 2.500000000000000000e+01 0.000000000000000000e+00 -9.943633533508339228e-02 6.580352783203125000e-04 -1.812018454074859619e-01 0.000000000000000000e+00
5.900000000000000000e+01 5.200000000000000000e+01 5.000000000000000000e-01 2.500000000000000000e+01 0.000000000000000000e+00 -6.873170473873253805e-02 -1.090621948242187500e-02 -6.535047888755798340e-01 0.000000000000000000e+00
6.500000000000000000e+01 5.250000000000000000e+01 5.000000000000000000e-01 3.400000000000000000e+01 0.000000000000000000e+00 -2.982880317617776778e-02 3.471374511718750000e-03 2.170799821615219116e-01 0.000000000000000000e+00
7.600000000000000000e+01 5.300000000000000000e+01 5.000000000000000000e-01 4.500000000000000000e+01 0.000000000000000000e+00 9.571368625307051167e-03 -5.729675292968750000e-03 1.408879458904266357e-01 0.000000000000000000e+00
7.400000000000000000e+01 5.350000000000000000e+01 5.000000000000000000e-01 4.900000000000000000e+01 0.000000000000000000e+00 2.168245443947346834e-02 2.008819580078125000e-02 5.896595120429992676e-01 0.000000000000000000e+00
7.200000000000000000e+01 5.400000000000000000e+01 1.500000000000000000e+00 5.100000000000000000e+01 0.000000000000000000e+00 1.037914254578406530e-04 1.160430908203125000e-02 -1.098903775215148926e+00 0.000000000000000000e+00
4.500000000000000000e+01 5.400000000000000000e+01 5.000000000000000000e-01 5.100000000000000000e+01 2.900000000000000000e+01 1.037914254578406530e-04 -1.026916503906250000e-02 1.392386913299560547e+00 0.000000000000000000e+00
5.200000000000000000e+01 5.450000000000000000e+01 5.000000000000000000e-01 2.100000000000000000e+01 0.000000000000000000e+00 -5.672474522308897787e-02 -1.633071899414062500e-02 8.495487570762634277e-01 0.000000000000000000e+00
5.700000000000000000e+01 5.500000000000000000e+01 5.000000000000000000e-01 2.200000000000000000e+01 0.000000000000000000e+00 -1.379891768768300719e-01 -1.763916015625000000e-02 -4.013833701610565186e-01 0.000000000000000000e+00
6.400000000000000000e+01 5.550000000000000000e+01 5.000000000000000000e-01 3.100000000000000000e+01 0.000000000000000000e+00 -1.841064337744993673e-01 2.599716186523437500e-02 2.636438608169555664e-01 0.000000000000000000e+00
7.400000000000000000e+01 5.600000000000000000e+01 5.000000000000000000e-01 4.400000000000000000e+01 0.000000000000000000e+00 -1.759297564772056843e-01 -1.182556152343750000e-03 1.084260269999504089e-01 0.000000000000000000e+00
7.200000000000000000e+01 5.650000000000000000e+01 5.000000000000000000e-01 5.600000000000000000e+01 0.000000000000000000e+00 -1.143580174539860772e-01 3.124237060546875000e-03 2.807002663612365723e-01 0.000000000000000000e+00
7.100000000000000000e+01 5.700000000000000000e+01 1.000000000000000000e+00 6.700000000000000000e+01 0.000000000000000000e+00 -2.377739981646045248e-02 -5.672454833984375000e-03 -5.304412171244621277e-02 0.000000000000000000e+00
4.000000000000000000e+01 5.700000000000000000e+01 5.000000000000000000e-01 6.700000000000000000e+01 2.800000000000000000e+01 -2.377739981646045248e-02 1.724243164062500000e-02 -3.687537610530853271e-01 0.000000000000000000e+00
5.200000000000000000e+01 5.750000000000000000e+01 5.000000000000000000e-01 3.100000000000000000e+01 0.000000000000000000e+00 2.213385506033760733e-02 -1.799774169921875000e-02 -2.430261850357055664e+00 0.000000000000000000e+00
6.400000000000000000e+01 5.800000000000000000e+01 5.000000000000000000e-01 5.500000000000000000e+01 0.000000000000000000e+00 9.896319658961354876e-03 -3.585815429687500000e-04 -2.693658590316772461e+00 0.000000000000000000e+00
6.400000000000000000e+01 5.850000000000000000e+01 5.000000000000000000e-01 4.600000000000000000e+01 0.000000000000000000e+00 -6.201921536519885980e-02 1.564025878906250000e-03 -1.024180650711059570e+00 0.000000000000000000e+00
7.600000000000000000e+01 5.900000000000000000e+01 5.000000000000000000e-01 5.200000000000000000e+01 0.000000000000000000e+00 -1.669654099298398253e-01 8.739471435546875000e-03 -6.251731514930725098e-01 0.000000000000000000e+00
6.400000000000000000e+01 5.950000000000000000e+01 5.000000000000000000e-01 4.600000000000000000e+01 0.000000000000000000e+00 -1.619710731722552866e-01 -1.411437988281250000e-04 -1.041798353195190430e+00 0.000000000000000000e+00
7.600000000000000000e+01 6.000000000000000000e+01 5.000000000000000000e-01 4.900000000000000000e+01 0.000000000000000000e+00 5.565610287995231137e-02 -5.107879638671875000e-03 -1.878821492195129395e+00 0.000000000000000000e+00
7.600000000000000000e+01 6.050000000000000000e+01 5.000000000000000000e-01 2.400000000000000000e+01 0.000000000000000000e+00 5.000752710388799427e-01 -5.352020263671875000e-03 -3.819166719913482666e-01 0.000000000000000000e+00
8.800000000000000000e+01 6.100000000000000000e+01 5.000000000000000000e-01 5.600000000000000000e+01 0.000000000000000000e+00 6.848228726513069242e-01 2.206039428710937500e-02 -1.165301561355590820e+00 0.000000000000000000e+00
7.500000000000000000e+01 6.150000000000000000e+01 5.000000000000000000e-01 2.600000000000000000e+01 0.000000000000000000e+00 5.556982023522202274e-01 -2.222061157226562500e-02 -1.978248171508312225e-02 0.000000000000000000e+00
7.600000000000000000e+01 6.200000000000000000e+01 5.000000000000000000e-01 2.100000000000000000e+01 0.000000000000000000e+00 1.286974912024877737e-01 -5.672454833984375000e-03 -3.599475324153900146e-01 0.000000000000000000e+00
7.500000000000000000e+01 6.250000000000000000e+01 5.000000000000000000e-01 3.400000000000000000e+01 0.000000000000000000e+00 -1.820966298585101617e-01 2.030944824218750000e-02 2.447602897882461548e-01 0.000000000000000000e+00
7.600000000000000000e+01 6.300000000000000000e+01 1.000000000000000000e+00 3.600000000000000000e+01 0.000000000000000000e+00 -1.713103560124144276e-01 -4.474639892578125000e-03 -1.300947785377502441e+00 0.000000000000000000e+00
7.500000000000000000e+01 6.350000000000000000e+01 5.000000000000000000e-01 4.600000000000000000e+01 0.000000000000000000e+00 -1.128536240448983902e-01 7.843017578125000000e-03 2.200827598571777344e-01 0.000000000000000000e+00
7.600000000000000000e+01 6.400000000000000000e+01 5.000000000000000000e-01 4.000000000000000000e+01 0.000000000000000000e+00 -8.239720986923215751e-02 -1.633453369140625000e-02 -4.230278730392456055e-01 0.000000000000000000e+00
7.500000000000000000e+01 6.450000000000000000e+01 5.000000000000000000e-01 4.500000000000000000e+01 0.000000000000000000e+00 -7.822042734789474983e-02 -7.629394531250000000e-05 5.942005291581153870e-02 0.000000000000000000e+00
7.600000000000000000e+01 6.500000000000000000e+01 5.000000000000000000e-01 4.900000000000000000e+01 0.000000000000000000e+00 -9.238601651133732107e-02 3.334045410156250000e-03 1.206980943679809570e-01 0.000000000000000000e+00
7.500000000000000000e+01 6.550000000000000000e+01 5.000000000000000000e-01 5.100000000000000000e+01 0.000000000000000000e+00 -9.432026536676765827e-02 -4.981994628906250000e-03 1.834232360124588013e-03 0.000000000000000000e+00
7.600000000000000000e+01 6.600000000000000000e+01 5.000000000000000000e-01 6.000000000000000000e+01 0.000000000000000000e+00 -7.635153264207092394e-02 3.051757812500000000e-03 1.725675910711288452e-01 0.000000000000000000e+00
7.500000000000000000e+01 6.650000000000000000e+01 5.000000000000000000e-01 5.000000000000000000e+01 0.000000000000000000e+00 -3.920763956423543861e-02 1.406478881835937500e-02 1.075178533792495728e-01 0.000000000000000000e+00
7.600000000000000000e+01 6.700000000000000000e+01 5.000000000000000000e-01 6.200000000000000000e+01 0.000000000000000000e+00 1.567143907993203203e-02 2.204895019531250000e-03 1.870650798082351685e-01 0.000000000000000000e+00
7.100000000000000000e+01 6.750000000000000000e+01 5.000000000000000000e-01 4.100000000000000000e+01 0.000000000000000000e+00 8.136358194166203039e-02 -1.464080810546875000e-02 4.764232784509658813e-02 0.000000000000000000e+00
7.400000000000000000e+01 6.800000000000000000e+01 5.000000000000000000e-01 3.600000000000000000e+01 0.000000000000000000e+00 1.374297063000312624e-01 -1.117324829101562500e-02 -1.864765435457229614e-01 0.000000000000000000e+00
7.200000000000000000e+01 6.850000000000000000e+01 5.000000000000000000e-01 3.600000000000000000e+01 0.000000000000000000e+00 2.353833079188560884e-01 1.753997802734375000e-02 3.836735785007476807e-01 0.000000000000000000e+00
6.900000000000000000e+01 6.900000000000000000e+01 1.000000000000000000e+00 2.100000000000000000e+01 0.000000000000000000e+00 3.648669741974693292e-01 1.798248291015625000e-02 -1.290932297706604004e+00 0.000000000000000000e+00
4.500000000000000000e+01 6.900000000000000000e+01 5.000000000000000000e-01 2.100000000000000000e+01 8.000000000000000000e+00 3.648669741974693292e-01 -9.098052978515625000e-03 1.032118082046508789e+00 0.000000000000000000e+00
5.200000000000000000e+01 6.950000000000000000e+01 5.000000000000000000e-01 1.500000000000000000e+01 0.000000000000000000e+00 -6.655517738667313110e-02 -2.428054809570312500e-02 5.527177453041076660e-01 0.000000000000000000e+00
5.700000000000000000e+01 7.000000000000000000e+01 5.000000000000000000e-01 2.900000000000000000e+01 0.000000000000000000e+00 -3.662328126942384632e-01 2.692031860351562500e-02 -7.581022381782531738e-01 0.000000000000000000e+00
6.000000000000000000e+01 7.050000000000000000e+01 5.000000000000000000e-01 2.600000000000000000e+01 0.000000000000000000e+00 -1.978261497045544492e-01 -9.098052978515625000e-03 -4.029467999935150146e-01 0.000000000000000000e+00
6.400000000000000000e+01 7.100000000000000000e+01 5.000000000000000000e-01 2.900000000000000000e+01 0.000000000000000000e+00 -6.947188135326028136e-02 -1.131439208984375000e-02 -3.465180993080139160e-01 0.000000000000000000e+00
6.900000000000000000e+01 7.150000000000000000e+01 5.000000000000000000e-01 5.100000000000000000e+01 0.000000000000000000e+00 -5.746808362272982224e-02 1.335525512695312500e-02 1.087718531489372253e-01 0.000000000000000000e+00
7.100000000000000000e+01 7.200000000000000000e+01 1.000000000000000000e+00 4.600000000000000000e+01 0.000000000000000000e+00 -6.953718669508358874e-02 -7.869720458984375000e-03 -2.437671273946762085e-01 0.000000000000000000e+00
4.000000000000000000e+01 7.200000000000000000e+01 5.000000000000000000e-01 4.600000000000000000e+01 2.200000000000000000e+01 -6.953718669508358874e-02 8.796691894531250000e-03 -3.152582347393035889e-01 0.000000000000000000e+00
5.200000000000000000e+01 7.250000000000000000e+01 5.000000000000000000e-01 3.700000000000000000e+01 0.000000000000000000e+00 -8.425913358969935874e-02 -4.043579101562500000e-03 -2.035745382308959961e-01 0.000000000000000000e+00
5.600000000000000000e+01 7.300000000000000000e+01 5.000000000000000000e-01 3.100000000000000000e+01 0.000000000000000000e+00 -1.017149114253751568e-01 -4.760742187500000000e-03 -1.048615217208862305e+00 0.000000000000000000e+00
6.400000000000000000e+01 7.350000000000000000e+01 5.000000000000000000e-01 2.700000000000000000e+01 0.000000000000000000e+00 -1.145371000077776702e-01 -3.158569335937500000e-03 3.459614515304565430e-02 0.000000000000000000e+00
6.800000000000000000e+01 7.400000000000000000e+01 5.000000000000000000e-01 3.400000000000000000e+01 0.000000000000000000e+00 -9.295272610349665510e-02 9.887695312500000000e-03 -4.208846986293792725e-01 0.000000000000000000e+00
7.100000000000000000e+01 7.450000000000000000e+01 5.000000000000000000e-01 5.000000000000000000e+01 0.000000000000000000e+00 -3.918887855429501604e-02 1.710510253906250000e-02 1.354049295186996460e-01 0.000000000000000000e+00
7.200000000000000000e+01 7.500000000000000000e+01 1.000000000000000000e+00 5.100000000000000000e+01 0.000000000000000000e+00 1.355449062260909165e-02 -1.245880126953125000e-02 -2.275678217411041260e-01 0.000000000000000000e+00
4.500000000000000000e+01 7.500000000000000000e+01 5.000000000000000000e-01 5.100000000000000000e+01 3.600000000000000000e+01 1.355449062260909165e-02 -3.329086303710937500e-02 9.943348765373229980e-01 0.000000000000000000e+00
5.200000000000000000e+01 7.550000000000000000e+01 5.000000000000000000e-01 2.100000000000000000e+01 0.000000000000000000e+00 5.363636663087797268e-02 -1.613998413085937500e-02 2.954446971416473389e-01 0.000000000000000000e+00
5.700000000000000000e+01 7.600000000000000000e+01 5.000000000000000000e-01 3.600000000000000000e+01 0.000000000000000000e+00 6.461819750850444910e-02 9.284973144531250000e-03 -1.323882699012756348e+00 0.000000000000000000e+00
6.400000000000000000e+01 7.650000000000000000e+01 5.000000000000000000e-01 3.100000000000000000e+01 0.000000000000000000e+00 4.271994802160850035e-02 2.318954467773437500e-02 -1.289198249578475952e-01 0.000000000000000000e+00
7.600000000000000000e+01 7.700000000000000000e+01 5.000000000000000000e-01 3.100000000000000000e+01 0.000000000000000000e+00 -1.360336159983899576e-02 2.876281738281250000e-03 9.872173517942428589e-02 0.000000000000000000e+00
7.500000000000000000e+01 7.750000000000000000e+01 5.000000000000000000e-01 4.300000000000000000e+01 0.000000000000000000e+00 -9.586536352005706196e-02 -1.809692382812500000e-02 -2.508620023727416992e-01 0.000000000000000000e+00
7.600000000000000000e+01 7.800000000000000000e+01 5.000000000000000000e-01 5.000000000000000000e+01 0.000000000000000000e+00 -1.548637286281895065e-01 -7.194519042968750000e-03 4.533555358648300171e-03 0.000000000000000000e+00
7.500000000000000000e+01 7.850000000000000000e+01 5.000000000000000000e-01 4.800000000000000000e+01 0.000000000000000000e+00 -1.740459851520213819e-01 1.083374023437500000e-02 1.965523064136505127e-01 0.000000000000000000e+00
7.600000000000000000e+01 7.900000000000000000e+01 5.000000000000000000e-01 5.600000000000000000e+01 0.000000000000000000e+00 -1.518115096744689085e-01 -4.356384277343750000e-03 1.481385668739676476e-03 0.000000000000000000e+00
7.100000000000000000e+01 7.950000000000000000e+01 5.000000000000000000e-01 5.100000000000000000e+01 0.000000000000000000e+00 -9.912578590088981512e-02 6.179809570312500000e-04 3.780062496662139893e-02 0.000000000000000000e+00
7.400000000000000000e+01 8.000000000000000000e+01 5.000000000000000000e-01 3.400000000000000000e+01 0.000000000000000000e+00 -5.420818911617764080e-02 8.895874023437500000e-03 -4.459166526794433594e-02 0.000000000000000000e+00
7.200000000000000000e+01 8.050000000000000000e+01 5.000000000000000000e-01 3.700000000000000000e+01 0.000000000000000000e+00 -2.506591573519990901e-02 2.807617187500000000e-03 1.648383587598800659e-01 0.000000000000000000e+00
6.900000000000000000e+01 8.100000000000000000e+01 1.000000000000000000e+00 3.400000000000000000e+01 0.000000000000000000e+00 -1.077824379280235834e-02 1.942825317382812500e-02 -8.123871088027954102e-01 0.000000000000000000e+00
4.500000000000000000e+01 8.100000000000000000e+01 5.000000000000000000e-01 3.400000000000000000e+01 9.000000000000000000e+00 -1.077824379280235834e-02 -3.474044799804687500e-02 1.438837885856628418e+00 0.000000000000000000e+00
5.200000000000000000e+01 8.150000000000000000e+01 5.000000000000000000e-01 2.600000000000000000e+01 0.000000000000000000e+00 -7.968877665726197337e-03 -1.458740234375000000e-02 9.619753956794738770e-01 0.000000000000000000e+00
5.700000000000000000e+01 8.200000000000000000e+01 5.000000000000000000e-01 1.500000000000000000e+01 0.000000000000000000e+00 -4.797914485237145081e-03 3.971099853515625000e-03 -3.195617198944091797e-01 0.000000000000000000e+00
6.000000000000000000e+01 8.250000000000000000e+01 5.000000000000000000e-01 3.400000000000000000e+01 0.000000000000000000e+00 1.653352472366573884e-03 4.333496093750000000e-03 -4.657377302646636963e-01 0.000000000000000000e+00
6.400000000000000000e+01 8.300000000000000000e+01 5.000000000000000000e-01 1.900000000000000000e+01 0.000000000000000000e+00 1.134113282239074261e-02 -4.119873046875000000e-04 -5.167663097381591797e-01 0.000000000000000000e+00
6.900000000000000000e+01 8.350000000000000000e+01 5.000000000000000000e-01 4.400000000000000000e+01 0.000000000000000000e+00 2.420051818106093086e-02 2.259445190429687500e-02 9.939211606979370117e-02 0.000000000000000000e+00
7.100000000000000000e+01 8.400000000000000000e+01 1.000000000000000000e+00 4.100000000000000000e+01 0.000000000000000000e+00 4.014690617268740908e-02 -1.043701171875000000e-02 2.534270100295543671e-02 0.000000000000000000e+00
4.000000000000000000e+01 8.400000000000000000e+01 5.000000000000000000e-01 4.100000000000000000e+01 1.400000000000000000e+01 4.014690617268740908e-02 -4.184722900390625000e-03 -3.571269512176513672e-01 0.000000000000000000e+00
5.200000000000000000e+01 8.450000000000000000e+01 5.000000000000000000e-01 2.900000000000000000e+01 0.000000000000000000e+00 5.907780353055167022e-02 -7.255554199218750000e-03 -3.908548653125762939e-01 0.000000000000000000e+00
5.600000000000000000e+01 8.500000000000000000e+01 5.000000000000000000e-01 1.400000000000000000e+01 0.000000000000000000e+00 8.087493010497034951e-02 -7.915496826171875000e-03 -8.031114339828491211e-01 0.000000000000000000e+00
6.400000000000000000e+01 8.550000000000000000e+01 5.000000000000000000e-01 2.000000000000000000e+01 0.000000000000000000e+00 1.054065373172686643e-01 -6.626129150390625000e-03 -8.290003240108489990e-02 0.000000000000000000e+00
7.200000000000000000e+01 8.600000000000000000e+01 5.000000000000000000e-01 3.400000000000000000e+01 0.000000000000000000e+00 1.316883495374499558e-01 5.531311035156250000e-03 -2.689622640609741211e-01 0.000000000000000000e+00
7.100000000000000000e+01 8.650000000000000000e+01 5.000000000000000000e-01 2.400000000000000000e+01 0.000000000000000000e+00 1.563126384200191066e-01 1.750564575195312500e-02 1.646629869937896729e-01 0.000000000000000000e+00
6.900000000000000000e+01 8.700000000000000000e+01 1.000000000000000000e+00 2.900000000000000000e+01 0.000000000000000000e+00 1.785405647268345497e-01 -1.155471801757812500e-02 -4.484522640705108643e-01 0.000000000000000000e+00
4.500000000000000000e+01 8.700000000000000000e+01 5.000000000000000000e-01 2.900000000000000000e+01 1.400000000000000000e+01 1.785405647268345497e-01 -4.264831542968750000e-03 1.099223017692565918e+00 0.000000000000000000e+00
5.200000000000000000e+01 8.750000000000000000e+01 5.000000000000000000e-01 1.900000000000000000e+01 0.000000000000000000e+00 1.984752930469424193e-01 -1.538085937500000000e-02 3.044631481170654297e-01 0.000000000000000000e+00
5.700000000000000000e+01 8.800000000000000000e+01 5.000000000000000000e-01 2.200000000000000000e+01 0.000000000000000000e+00 2.022834996201412772e-01 2.229690551757812500e-02 -1.339557528495788574e+00 0.000000000000000000e+00
7.100000000000000000e+01 8.850000000000000000e+01 5.000000000000000000e-01 3.900000000000000000e+01 0.000000000000000000e+00 1.325240202046684135e-01 -1.321029663085937500e-02 8.553308248519897461e-02 0.000000000000000000e+00
7.200000000000000000e+01 8.900000000000000000e+01 5.000000000000000000e-01 5.700000000000000000e+01 0.000000000000000000e+00 2.367671665837954229e-02 -6.286621093750000000e-03 -2.138995081186294556e-01 0.000000000000000000e+00
7.400000000000000000e+01 8.950000000000000000e+01 5.000000000000000000e-01 4.000000000000000000e+01 0.000000000000000000e+00 1.164990806690466979e-01 1.892471313476562500e-02 2.601501643657684326e-01 0.000000000000000000e+00
7.600000000000000000e+01 9.000000000000000000e+01 1.500000000000000000e+00 4.600000000000000000e+01 0.000000000000000000e+00 2.323369662908974231e-01 1.027297973632812500e-02 -1.055502176284790039e+00 0.000000000000000000e+00
4.800000000000000000e+01 9.000000000000000000e+01 5.000000000000000000e-01 4.600000000000000000e+01 3.100000000000000000e+01 2.323369662908974231e-01 -3.243637084960937500e-02 1.251714944839477539e+00 0.000000000000000000e+00
5.500000000000000000e+01 9.050000000000000000e+01 5.000000000000000000e-01 2.000000000000000000e+01 0.000000000000000000e+00 -2.133724457719230194e-01 -5.531311035156250000e-03 9.855861067771911621e-01 0.000000000000000000e+00
6.000000000000000000e+01 9.100000000000000000e+01 5.000000000000000000e-01 3.400000000000000000e+01 0.000000000000000000e+00 -2.533394197408909143e-01 1.487731933593750000e-02 -2.107448726892471313e-01 0.000000000000000000e+00
6.700000000000000000e+01 9.150000000000000000e+01 5.000000000000000000e-01 4.600000000000000000e+01 0.000000000000000000e+00 -1.657597465572563933e-01 -2.994537353515625000e-03 4.288266897201538086e-01 0.000000000000000000e+00
7.700000000000000000e+01 9.200000000000000000e+01 5.000000000000000000e-01 6.200000000000000000e+01 0.000000000000000000e+00 -1.337191365491654516e-01 -1.897811889648437500e-02 1.327665746212005615e-01 0.000000000000000000e+00
7.600000000000000000e+01 9.250000000000000000e+01 5.000000000000000000e-01 6.400000000000000000e+01 0.000000000000000000e+00 -1.194630581024562904e-01 1.284408569335937500e-02 7.113350629806518555e-01 0.000000000000000000e+00
7.400000000000000000e+01 9.300000000000000000e+01 1.500000000000000000e+00 5.600000000000000000e+01 0.000000000000000000e+00 -1.140461118493959203e-01 -1.449584960937500000e-02 -7.952758669853210449e-01 0.000000000000000000e+00
4.300000000000000000e+01 9.300000000000000000e+01 5.000000000000000000e-01 5.600000000000000000e+01 1.600000000000000000e+01 -1.140461118493959203e-01 6.340026855468750000e-03 -2.477881163358688354e-01 0.000000000000000000e+00
5.500000000000000000e+01 9.350000000000000000e+01 5.000000000000000000e-01 3.400000000000000000e+01 0.000000000000000000e+00 -1.173690663989068045e-01 1.217651367187500000e-02 -6.850379109382629395e-01 0.000000000000000000e+00
5.900000000000000000e+01 9.400000000000000000e+01 5.000000000000000000e-01 2.900000000000000000e+01 0.000000000000000000e+00 -1.280712442216734859e-01 -9.609222412109375000e-03 -8.611040711402893066e-01 0.000000000000000000e+00
6.500000000000000000e+01 9.450000000000000000e+01 5.000000000000000000e-01 4.400000000000000000e+01 0.000000000000000000e+00 -1.405746749035273468e-01 8.537292480468750000e-03 3.174093067646026611e-01 0.000000000000000000e+00
7.600000000000000000e+01 9.500000000000000000e+01 5.000000000000000000e-01 5.200000000000000000e+01 0.000000000000000000e+00 -1.534791692449630207e-01 -4.493713378906250000e-03 4.409578442573547363e-01 0.000000000000000000e+00
7.400000000000000000e+01 9.550000000000000000e+01 5.000000000000000000e-01 5.100000000000000000e+01 0.000000000000000000e+00 -1.667945899835073520e-01 9.593963623046875000e-03 6.274220943450927734e-01 0.000000000000000000e+00
7.200000000000000000e+01 9.600000000000000000e+01 1.500000000000000000e+00 6.900000000000000000e+01 0.000000000000000000e+00 -1.805313253572958798e-01 -5.508422851562500000e-03 -1.064658045768737793e+00 0.000000000000000000e+00
4.500000000000000000e+01 9.600000000000000000e+01 5.000000000000000000e-01 6.900000000000000000e+01 5.300000000000000000e+01 -1.805313253572958798e-01 -3.425598144531250000e-03 1.520304560661315918e+00 0.000000000000000000e+00
5.200000000000000000e+01 9.650000000000000000e+01 5.000000000000000000e-01 3.700000000000000000e+01 0.000000000000000000e+00 -1.947003217888729210e-01 -1.025390625000000000e-02 9.530084133148193359e-01 0.000000000000000000e+00
5.700000000000000000e+01 9.700000000000000000e+01 5.000000000000000000e-01 2.900000000000000000e+01 0.000000000000000000e+00 -2.093131193083040686e-01 -1.615524291992187500e-02 -4.004486203193664551e-01 0.000000000000000000e+00
6.400000000000000000e+01 9.750000000000000000e+01 5.000000000000000000e-01 4.400000000000000000e+01 0.000000000000000000e+00 -2.243818899872684069e-01 7.995605468750000000e-03 9.359197318553924561e-02 0.000000000000000000e+00
7.400000000000000000e+01 9.800000000000000000e+01 5.000000000000000000e-01 4.600000000000000000e+01 0.000000000000000000e+00 -2.291029027740976998e-01 3.822326660156250000e-03 9.831292927265167236e-02 0.000000000000000000e+00
7.200000000000000000e+01 9.850000000000000000e+01 5.000000000000000000e-01 6.200000000000000000e+01 0.000000000000000000e+00 -1.810671308844086502e-01 2.289962768554687500e-02 4.829970896244049072e-01 0.000000000000000000e+00
7.100000000000000000e+01 9.900000000000000000e+01 1.000000000000000000e+00 6.600000000000000000e+01 0.000000000000000000e+00 -7.553584531609076891e-02 1.399993896484375000e-03 -1.248349547386169434e-01 0.000000000000000000e+00
4.000000000000000000e+01 9.900000000000000000e+01 5.000000000000000000e-01 6.600000000000000000e+01 3.200000000000000000e+01 -7.553584531609076891e-02 8.689880371093750000e-03 -2.488237321376800537e-01 0.000000000000000000e+00
5.200000000000000000e+01 9.950000000000000000e+01 5.000000000000000000e-01 2.700000000000000000e+01 0.000000000000000000e+00 3.871148966197945213e-02 -2.911758422851562500e-02 -2.269961595535278320e+00 0.000000000000000000e+00
6.400000000000000000e+01 1.000000000000000000e+02 5.000000000000000000e-01 3.400000000000000000e+01 0.000000000000000000e+00 1.367159770841933249e-02 -1.197814941406250000e-03 -2.900967121124267578e+00 0.000000000000000000e+00
6.400000000000000000e+01 1.005000000000000000e+02 5.000000000000000000e-01 4.500000000000000000e+01 0.000000000000000000e+00 -1.430289596243829453e-01 1.181030273437500000e-02 -9.182961583137512207e-01 0.000000000000000000e+00
7.600000000000000000e+01 1.010000000000000000e+02 5.000000000000000000e-01 5.100000000000000000e+01 0.000000000000000000e+00 -2.155357021842422560e-01 1.088714599609375000e-02 -6.393385529518127441e-01 0.000000000000000000e+00
6.400000000000000000e+01 1.015000000000000000e+02 5.000000000000000000e-01 4.400000000000000000e+01 0.000000000000000000e+00 -1.316453968885185621e-01 -1.486587524414062500e-02 -1.156188249588012695e+00 0.000000000000000000e+00
7.600000000000000000e+01 1.020000000000000000e+02 5.000000000000000000e-01 4.400000000000000000e+01 0.000000000000000000e+00 8.448112794659135005e-02 -5.626678466796875000e-03 -1.886888027191162109e+00 0.000000000000000000e+00
7.600000000000000000e+01 1.025000000000000000e+02 5.000000000000000000e-01 5.700000000000000000e+01 0.000000000000000000e+00 3.311135206625314686e-01 -5.378723144531250000e-04 -2.075209617614746094e-01 0.000000000000000000e+00
8.800000000000000000e+01 1.030000000000000000e+02 5.000000000000000000e-01 6.500000000000000000e+01 0.000000000000000000e+00 4.034369537929442529e-01 1.837158203125000000e-02 1.119564324617385864e-01 0.000000000000000000e+00
7.500000000000000000e+01 1.035000000000000000e+02 5.000000000000000000e-01 2.600000000000000000e+01 0.000000000000000000e+00 3.036417690585092033e-01 2.681732177734375000e-03 1.526857614517211914e-01 0.000000000000000000e+00
7.600000000000000000e+01 1.040000000000000000e+02 5.000000000000000000e-01 3.700000000000000000e+01 0.000000000000000000e+00 1.318517754572287037e-01 -2.194213867187500000e-02 -5.012990236282348633e-01 0.000000000000000000e+00
7.500000000000000000e+01 1.045000000000000000e+02 5.000000000000000000e-01 3.800000000000000000e+01 0.000000000000000000e+00 -7.394134767998050695e-02 1.518249511718750000e-03 1.022535115480422974e-01 0.000000000000000000e+00
7.600000000000000000e+01 1.050000000000000000e+02 1.000000000000000000e+00 5.100000000000000000e+01 0.000000000000000000e+00 -2.065926109357092977e-01 2.525329589843750000e-03 -1.217302560806274414e+00 0.000000000000000000e+00
7.500000000000000000e+01 1.055000000000000000e+02 5.000000000000000000e-01 3.800000000000000000e+01 0.000000000000000000e+00 -2.131473257287582190e-01 2.084350585937500000e-02 4.158838391304016113e-01 0.000000000000000000e+00
7.600000000000000000e+01 1.060000000000000000e+02 5.000000000000000000e-01 4.500000000000000000e+01 0.000000000000000000e+00 -9.194930630593077525e-02 -1.496124267578125000e-02 -2.851516306400299072e-01 0.000000000000000000e+00
7.500000000000000000e+01 1.065000000000000000e+02 5.000000000000000000e-01 4.400000000000000000e+01 0.000000000000000000e+00 7.518227234000449122e-02 -9.666442871093750000e-03 -1.247499370947480202e-03 0.000000000000000000e+00
7.600000000000000000e+01 1.070000000000000000e+02 5.000000000000000000e-01 5.000000000000000000e+01 0.000000000000000000e+00 6.875682664399525301e-02 1.556396484375000000e-02 3.438491821289062500e-01 0.000000000000000000e+00
7.500000000000000000e+01 1.075000000000000000e+02 5.000000000000000000e-01 4.600000000000000000e+01 0.000000000000000000e+00 -1.093255084988590670e-01 -9.349822998046875000e-03 -2.185404067859053612e-03 0.000000000000000000e+00
7.600000000000000000e+01 1.080000000000000000e+02 5.000000000000000000e-01 5.700000000000000000e+01 0.000000000000000000e+00 -2.193888787700720988e-01 -2.746582031250000000e-03 2.916588261723518372e-02 0.000000000000000000e+00
7.500000000000000000e+01 1.085000000000000000e+02 5.000000000000000000e-01 5.600000000000000000e+01 0.000000000000000000e+00 -1.977596058770445531e-01 1.258468627929687500e-02 1.608874648809432983e-01 0.000000000000000000e+00
7.600000000000000000e+01 1.090000000000000000e+02 5.000000000000000000e-01 6.200000000000000000e+01 0.000000000000000000e+00 -1.446391305506133096e-01 -1.075744628906250000e-03 1.016924902796745300e-01 0.000000000000000000e+00
7.100000000000000000e+01 1.095000000000000000e+02 5.000000000000000000e-01 4.900000000000000000e+01 0.000000000000000000e+00 -8.665923870854336242e-02 -8.502960205078125000e-03 1.773372590541839600e-01 0.000000000000000000e+00
7.400000000000000000e+01 1.100000000000000000e+02 5.000000000000000000e-01 4.500000000000000000e+01 0.000000000000000000e+00 -2.445896946524972818e-02 -5.455017089843750000e-03 -3.686614334583282471e-02 0.000000000000000000e+00
7.200000000000000000e+01 1.105000000000000000e+02 5.000000000000000000e-01 3.700000000000000000e+01 0.000000000000000000e+00 2.608390551712836888e-02 5.020141601562500000e-03 4.172656238079071045e-01 0.000000000000000000e+00
6.900000000000000000e+01 1.110000000000000000e+02 1.000000000000000000e+00 3.600000000000000000e+01 0.000000000000000000e+00 5.128462110799741208e-03 4.539489746093750000e-04 -1.091328263282775879e+00 0.000000000000000000e+00
4.500000000000000000e+01 1.110000000000000000e+02 5.000000000000000000e-01 3.600000000000000000e+01 2.300000000000000000e+01 5.128462110799741208e-03 2.649688720703125000e-02 1.294402837753295898e+00 0.000000000000000000e+00
5.200000000000000000e+01 1.115000000000000000e+02 5.000000000000000000e-01 2.700000000000000000e+01 0.000000000000000000e+00 -8.389820859248300899e-02 -1.201629638671875000e-02 4.422272443771362305e-01 0.000000000000000000e+00
5.700000000000000000e+01 1.120000000000000000e+02 5.000000000000000000e-01 2.100000000000000000e+01 0.000000000000000000e+00 -1.538590525139242327e-01 8.697509765625000000e-04 -1.302097320556640625e+00 0.000000000000000000e+00
6.000000000000000000e+01 1.125000000000000000e+02 5.000000000000000000e-01 3.000000000000000000e+01 0.000000000000000000e+00 -1.732866681970365030e-01 -3.856658935546875000e-03 -4.637825489044189453e-01 0.000000000000000000e+00
6.400000000000000000e+01 1.130000000000000000e+02 5.000000000000000000e-01 3.000000000000000000e+01 0.000000000000000000e+00 -1.271360859803788435e-01 5.023956298828125000e-03 -2.499648034572601318e-01 0.000000000000000000e+00
6.900000000000000000e+01 1.135000000000000000e+02 5.000000000000000000e-01 4.000000000000000000e+01 0.000000000000000000e+00 -4.623892727589664492e-02 9.777069091796875000e-03 9.366830810904502869e-03 0.000000000000000000e+00
7.100000000000000000e+01 1.140000000000000000e+02 1.000000000000000000e+00 4.000000000000000000e+01 0.000000000000000000e+00 -4.457861586384202768e-02 -1.890563964843750000e-02 -2.146858274936676025e-01 0.000000000000000000e+00
4.000000000000000000e+01 1.140000000000000000e+02 5.000000000000000000e-01 4.000000000000000000e+01 1.900000000000000000e+01 -4.457861586384202768e-02 2.967834472656250000e-03 -4.032954275608062744e-01 0.000000000000000000e+00
5.200000000000000000e+01 1.145000000000000000e+02 5.000000000000000000e-01 1.700000000000000000e+01 0.000000000000000000e+00 -1.235389164891269598e-01 -2.022933959960937500e-02 -3.003562688827514648e-01 0.000000000000000000e+00
5.600000000000000000e+01 1.150000000000000000e+02 5.000000000000000000e-01 4.900000000000000000e+01 0.000000000000000000e+00 -1.762858095894959953e-01 1.948165893554687500e-02 -9.480491280555725098e-01 0.000000000000000000e+00
6.400000000000000000e+01 1.155000000000000000e+02 5.000000000000000000e-01 4.100000000000000000e+01 0.000000000000000000e+00 -1.704449142624663571e-01 8.125305175781250000e-04 1.516444832086563110e-01 0.000000000000000000e+00
6.800000000000000000e+01 1.160000000000000000e+02 5.000000000000000000e-01 4.400000000000000000e+01 0.000000000000000000e+00 -1.067096109635718437e-01 5.973815917968750000e-03 -1.107347384095191956e-01 0.000000000000000000e+00
7.100000000000000000e+01 1.165000000000000000e+02 5.000000000000000000e-01 5.000000000000000000e+01 0.000000000000000000e+00 -1.493279593757594441e-02 1.548767089843750000e-03 8.324298262596130371e-02 0.000000000000000000e+00
7.200000000000000000e+01 1.170000000000000000e+02 1.000000000000000000e+00 5.200000000000000000e+01 0.000000000000000000e+00 1.269893549278477626e-02 -3.110504150390625000e-02 -1.995549649000167847e-01 0.000000000000000000e+00
4.500000000000000000e+01 1.170000000000000000e+02 5.000000000000000000e-01 5.200000000000000000e+01 3.700000000000000000e+01 1.269893549278477626e-02 -2.069091796875000000e-02 9.714906811714172363e-01 0.000000000000000000e+00
5.200000000000000000e+01 1.175000000000000000e+02 5.000000000000000000e-01 2.200000000000000000e+01 0.000000000000000000e+00 -1.473330529600479222e-02 1.089477539062500000e-02 2.778001725673675537e-01 0.000000000000000000e+00
5.700000000000000000e+01 1.180000000000000000e+02 5.000000000000000000e-01 1.300000000000000000e+01 0.000000000000000000e+00 1.479284211602124172e-02 1.159667968750000000e-02 -2.331772804260253906e+00 0.000000000000000000e+00
6.400000000000000000e+01 1.185000000000000000e+02 5.000000000000000000e-01 1.600000000000000000e+01 0.000000000000000000e+00 8.497267125822514922e-02 7.095336914062500000e-03 9.186179935932159424e-02 0.000000000000000000e+00
7.600000000000000000e+01 1.190000000000000000e+02 5.000000000000000000e-01 3.200000000000000000e+01 0.000000000000000000e+00 3.565316102906809087e-02 -2.626037597656250000e-02 -2.394224703311920166e-01 0.000000000000000000e+00
7.500000000000000000e+01 1.195000000000000000e+02 5.000000000000000000e-01 4.300000000000000000e+01 0.000000000000000000e+00 -1.384400300532414030e-01 5.271911621093750000e-03 -3.013967573642730713e-01 0.000000000000000000e+00
7.600000000000000000e+01 1.200000000000000000e+02 5.000000000000000000e-01 3.200000000000000000e+01 0.000000000000000000e+00 -2.386266145719811160e-01 1.029205322265625000e-02 -2.772728167474269867e-02 0.000000000000000000e+00
7.500000000000000000e+01 1.205000000000000000e+02 5.000000000000000000e-01 4.800000000000000000e+01 0.000000000000000000e+00 -2.127298804118269437e-01 9.185791015625000000e-03 3.592754155397415161e-02 0.000000000000000000e+00
7.600000000000000000e+01 1.210000000000000000e+02 5.000000000000000000e-01 4.400000000000000000e+01 0.000000000000000000e+00 -1.503531999180544587e-01 -9.887695312500000000e-03 -1.018565371632575989e-01 0.000000000000000000e+00
7.100000000000000000e+01 1.215000000000000000e+02 5.000000000000000000e-01 3.700000000000000000e+01 0.000000000000000000e+00 -7.620200495912546335e-02 -6.774902343750000000e-03 -3.530889376997947693e-02 0.000000000000000000e+00
7.400000000000000000e+01 1.220000000000000000e+02 5.000000000000000000e-01 3.000000000000000000e+01 0.000000000000000000e+00 7.866918445028630788e-03 -8.224487304687500000e-03 -2.048470526933670044e-01 0.000000000000000000e+00
7.200000000000000000e+01 1.225000000000000000e+02 5.000000000000000000e-01 3.000000000000000000e+01 0.000000000000000000e+00 7.705100212089820155e-02 2.145385742187500000e-02 4.006501734256744385e-01 0.000000000000000000e+00
6.900000000000000000e+01 1.230000000000000000e+02 1.000000000000000000e+00 2.900000000000000000e+01 0.000000000000000000e+00 4.131286807454331855e-02 5.371093750000000000e-03 -1.102638006210327148e+00 0.000000000000000000e+00
4.500000000000000000e+01 1.230000000000000000e+02 5.000000000000000000e-01 2.900000000000000000e+01 1.300000000000000000e+01 4.131286807454331855e-02 -1.546478271484375000e-02 1.267788529396057129e+00 0.000000000000000000e+00
5.200000000000000000e+01 1.235000000000000000e+02 5.000000000000000000e-01 2.000000000000000000e+01 0.000000000000000000e+00 -9.250962016387975773e-02 -8.956909179687500000e-03 6.202513575553894043e-01 0.000000000000000000e+00
5.700000000000000000e+01 1.240000000000000000e+02 5.000000000000000000e-01 3.100000000000000000e+01 0.000000000000000000e+00 -1.706184664294088382e-01 1.083374023437500000e-02 -6.630392670631408691e-01 0.000000000000000000e+00
6.000000000000000000e+01 1.245000000000000000e+02 5.000000000000000000e-01 2.100000000000000000e+01 0.000000000000000000e+00 -1.367506053898777107e-01 -1.007080078125000000e-02 -2.175104171037673950e-01 0.000000000000000000e+00
6.400000000000000000e+01 1.250000000000000000e+02 5.000000000000000000e-01 2.000000000000000000e+01 0.000000000000000000e+00 1.338184297648712696e-02 5.630493164062500000e-03 -9.332267940044403076e-02 0.000000000000000000e+00
6.900000000000000000e+01 1.255000000000000000e+02 5.000000000000000000e-01 4.100000000000000000e+01 0.000000000000000000e+00 2.003323803467929876e-01 2.967834472656250000e-03 -5.520663037896156311e-02 0.000000000000000000e+00
7.100000000000000000e+01 1.260000000000000000e+02 1.000000000000000000e+00 3.600000000000000000e+01 0.000000000000000000e+00 2.207592576656266792e-01 -5.851745605468750000e-03 -3.743719756603240967e-01 0.000000000000000000e+00
4.000000000000000000e+01 1.260000000000000000e+02 5.000000000000000000e-01 3.600000000000000000e+01 1.900000000000000000e+01 2.207592576656266792e-01 -2.731323242187500000e-03 -5.303972959518432617e-01 0.000000000000000000e+00
5.200000000000000000e+01 1.265000000000000000e+02 5.000000000000000000e-01 2.100000000000000000e+01 0.000000000000000000e+00 8.473595754378225597e-02 -5.302429199218750000e-03 -4.772670269012451172e-01 0.000000000000000000e+00
5.600000000000000000e+01 1.270000000000000000e+02 5.000000000000000000e-01 2.100000000000000000e+01 0.000000000000000000e+00 8.129310465258721141e-03 5.043029785156250000e-03 -1.432024598121643066e+00 0.000000000000000000e+00
6.400000000000000000e+01 1.275000000000000000e+02 5.000000000000000000e-01 2.400000000000000000e+01 0.000000000000000000e+00 6.160991285615458751e-02 8.735656738281250000e-03 2.112713307142257690e-01 0.000000000000000000e+00
7.200000000000000000e+01 1.280000000000000000e+02 5.000000000000000000e-01 4.400000000000000000e+01 0.000000000000000000e+00 2.319614674703499024e-01 -1.229095458984375000e-02 -1.863714456558227539e-01 0.000000000000000000e+00
7.100000000000000000e+01 1.285000000000000000e+02 5.000000000000000000e-01 4.400000000000000000e+01 0.000000000000000000e+00 4.233079754309618248e-01 2.029418945312500000e-03 -1.213781088590621948e-01 0.000000000000000000e+00
6.900000000000000000e+01 1.290000000000000000e+02 1.000000000000000000e+00 2.600000000000000000e+01 0.000000000000000000e+00 3.951901062115858454e-01 8.720397949218750000e-03 1.308838129043579102e+00 0.000000000000000000e+00
4.500000000000000000e+01 1.290000000000000000e+02 5.000000000000000000e-01 2.600000000000000000e+01 1.300000000000000000e+01 3.951901062115858454e-01 5.592346191406250000e-03 2.316074132919311523e+00 0.000000000000000000e+00
5.200000000000000000e+01 1.295000000000000000e+02 5.000000000000000000e-01 1.700000000000000000e+01 0.000000000000000000e+00 5.932413892625288954e-01 -8.888244628906250000e-03 1.805985689163208008e+00 0.000000000000000000e+00
5.700000000000000000e+01 1.300000000000000000e+02 5.000000000000000000e-01 1.700000000000000000e+01 0.000000000000000000e+00 1.924923586331453773e+00 5.020141601562500000e-03 -6.219750642776489258e-02 0.000000000000000000e+00
